000001|PA01|X|094|12|1|1|1|0|3|300.123456|3000|10|1000.123456|10000|3|300.123456|3000|10|1000.123456|10000
000001|PA01|X|094|12|1|1|2|0|3|0|30|10|0|100|3|0|30|10|0|100
000001|PA01|X|094|12|1|1|3|1|3|30.16|3000|10|100.16|10000|3|30.16|3000|10|100.16|10000
000001|PA01|X|094|12|1|1|3|2|3|30.25|0|10|100.25|0|3|30.25|0|10|100.25|0
000001|PA01|X|094|12|1|1|3|3|3|0|0|10|0|0|3|0|0|10|0|0
000001|PA01|X|094|12|1|1|4|0|3.00|0|30|10.00|0|100|3.00|0|30|10.00|0|100
000001|PA01|X|094|12|1|1|5|1|3.00|0|120|10.00|0|400|3.00|0|120|10.00|0|400
000001|PA01|X|094|12|1|1|5|2|3.00|0|0|10.00|0|0|3.00|0|0|10.00|0|0
000001|PA01|X|094|12|1|1|5|3|3.00|0|0|10.00|0|0|3.00|0|0|10.00|0|0
000001|PA01|X|094|12|1|1|5|4|3.00|0|0|10.00|0|0|3.00|0|0|10.00|0|0
000001|PA01|X|094|12|1|1|6|1|3.00|0|90|10.00|0|300|3.00|0|90|10.00|0|300
000001|PA01|X|094|12|1|1|6|3|3.00|0|0|10.00|0|0|3.00|0|0|10.00|0|0
000001|PA01|X|094|12|1|1|7|0|3|0|30|10|0|100|3|0|30|10|0|100
000001|PA01|X|094|12|1|1|8|0|0|0|0|0|0|0|0|0|0|0|0|0
000001|PA01|X|094|12|1|1|T|0|0|0|6300|0|0|21000|0|0|6300|0|0|21000
000001|EOR                                                                                         
000002|PA01|X|094|12|2|1|1|0|3|300.123456|3000|10|1000.123456|10000|3|300.123456|3000|10|1000.123456|10000
000002|PA01|X|094|12|2|1|2|0|0|0|0|0|0|0|0|0|0|0|0|0
000002|PA01|X|094|12|2|1|3|1|3|30.16|3000|10|100.16|10000|3|30.16|3000|10|100.16|10000
000002|PA01|X|094|12|2|1|3|2|3|30.25|0|10|100.25|0|3|30.25|0|10|100.25|0
000002|PA01|X|094|12|2|1|3|3|3|0|0|10|0|0|3|0|0|10|0|0
000002|PA01|X|094|12|2|1|4|0|3.00|0|30|10.00|0|100|3.00|0|30|10.00|0|100
000002|PA01|X|094|12|2|1|5|1|3.00|0|120|10.00|0|400|3.00|0|120|10.00|0|400
000002|PA01|X|094|12|2|1|5|2|3.00|0|0|10.00|0|0|3.00|0|0|10.00|0|0
000002|PA01|X|094|12|2|1|5|3|3.00|0|0|10.00|0|0|3.00|0|0|10.00|0|0
000002|PA01|X|094|12|2|1|5|4|3.00|0|0|10.00|0|0|3.00|0|0|10.00|0|0
000002|PA01|X|094|12|2|1|6|1|3.00|0|90|10.00|0|300|3.00|0|90|10.00|0|300
000002|PA01|X|094|12|2|1|6|2|3.00|0|0|10.00|0|0|3.00|0|0|10.00|0|0
000002|PA01|X|094|12|2|1|6|3|3.00|0|0|10.00|0|0|3.00|0|0|10.00|0|0
000002|PA01|X|094|12|2|1|8|0|0|0|0|0|0|0|0|0|0|0|0|0
000002|PA01|X|094|12|2|1|T|0|0|0|6240|0|0|20800|0|0|6240|0|0|20800
000002|EOR
EOF|309000000E000|33|73.3|200601101730
 