000001|PB01|X|094|12|1|1|1|0|7|300.123456|10000
000001|PB01|X|094|12|1|1|2|0|3|0|100
000001|PB01|X|094|12|1|1|3|1|3|30.16|10000
000001|PB01|X|094|12|1|1|3|2|3|30.25|0
000001|PB01|X|094|12|1|1|3|3|3|0|0
000001|PB01|X|094|12|1|1|4|0|3.00|0|10
000001|PB01|X|094|12|1|1|5|1|3.00|0|400
000001|PB01|X|094|12|1|1|5|2|3.00|0|0
000001|PB01|X|094|12|1|1|5|3|3.00|0|0
000001|PB01|X|094|12|1|1|5|4|3.00|0|0
000001|PB01|X|094|12|1|1|6|1|3.00|0|1000
000001|PB01|X|094|12|1|1|6|3|3.00|0|0
000001|PB01|X|094|12|1|1|7|0|50000|0|500000
000001|PB01|X|094|12|1|1|8|0|0|0|0
000001|PB01|X|094|12|1|1|T|0|0|0|521510
000001|EOR
000002|PB01|X|094|12|1|3|1|0|7|300.123456|10000
000002|PB01|X|094|12|1|3|2|0|3|0|100
000002|PB01|X|094|12|1|3|3|1|3|30.16|10000
000002|PB01|X|094|12|1|3|3|2|3|30.25|0
000002|PB01|X|094|12|1|3|3|3|3|0|0
000002|PB01|X|094|12|1|3|4|0|3.00|0|10
000002|PB01|X|094|12|1|3|5|1|3.00|0|400¡@
000002|PB01|X|094|12|1|3|5|2|3.00|0|0
000002|PB01|X|094|12|1|3|5|3|3.00|0|0
000002|PB01|X|094|12|1|3|5|4|3.00|0|0
000002|PB01|X|094|12|1|3|6|1|3.00|0|1000
000002|PB01|X|094|12|1|3|6|3|3.00|0|0
000002|PB01|X|094|12|1|3|7|0|10000|0|100000
000002|PB01|X|094|12|1|3|8|0|0|0|0
000002|PB01|X|094|12|1|3|T|0|0|0|121510
000002|EOR
000003|PB02|X|094|12|12345678|50000|10|500000|505000|0|50|254000000|25400000|5000|
000003|EOR
000004|PB03|X|094|12|313310000K000|10000|10|100000|110000|0|10|5550000|555000|10000|
000004|EOR
EOF|313000000G000|37|82.02727|200601101730
 